# Анализ тестирования монитора benQ G2222HDL

## 1. Общие параметры монитора

На основе данных из тестового ПО (EDID монитора):

| Параметр | Значение |
| :--- | :--- |
| Модель монитора | benQ G2222HDL |
| Производитель | benQ |
| Дата производства | 10 неделя 2010 года |
| Разрешение | 1920 x 1080 (Full HD) |
| Соотношение сторон | 16:9 |
| Разъем подключения | Analog (VGA) |
| Размер экрана | 23.8" (527 x 296 мм) |
| Глубина цвета | 8-bit |
| Число отображаемых цветов | 16.7 миллионов |
| Плотность пикселей | 92 ppi |
| Гамма | 2.20 (заявленная) |
| Частота обновления | 48 – 75 Hz |
| Горизонтальная частота | 24 – 86 kHz |

---


## 2. Тест гаммы (Gamma)

В данных тестах отображаются цветные полосы с различными значениями гаммы и соответствующими им RGB-значениями. Чем ближе значение гаммы к эталону (2.2), тем точнее монитор передает полутона.

### Gamma Red

| Gamma | R | G | B |
| :---: | :---: | :---: | :---: |
| 0.89 | 117 | 0 | 0 |
| 0.95 | 123 | 0 | 0 |
| 1.01 | 129 | 0 | 0 |
| 1.08 | 135 | 0 | 0 |
| 1.16 | 141 | 0 | 0 |
| 1.25 | 147 | 0 | 0 |
| 1.35 | 153 | 0 | 0 |
| 1.46 | 159 | 0 | 0 |
| 1.58 | 165 | 0 | 0 |
| 1.72 | 171 | 0 | 0 |
| 1.88 | 177 | 0 | 0 |
| 2.06 | 183 | 0 | 0 |
| 2.28 | 189 | 0 | 0 |

### Gamma Green

| Gamma | R | G | B |
| :---: | :---: | :---: | :---: |
| 0.89 | 0 | 117 | 0 |
| 0.95 | 0 | 123 | 0 |
| 1.01 | 0 | 129 | 0 |
| 1.08 | 0 | 135 | 0 |
| 1.16 | 0 | 141 | 0 |
| 1.25 | 0 | 147 | 0 |
| 1.35 | 0 | 153 | 0 |
| 1.46 | 0 | 159 | 0 |
| 1.58 | 0 | 165 | 0 |
| 1.72 | 0 | 171 | 0 |
| 1.88 | 0 | 177 | 0 |
| 2.06 | 0 | 183 | 0 |
| 2.28 | 0 | 189 | 0 |

### Gamma Blue

| Gamma | R | G | B |
| :---: | :---: | :---: | :---: |
| 0.89 | 0 | 0 | 117 |
| 0.95 | 0 | 0 | 123 |
| 1.01 | 0 | 0 | 129 |
| 1.08 | 0 | 0 | 135 |
| 1.16 | 0 | 0 | 141 |
| 1.25 | 0 | 0 | 147 |
| 1.35 | 0 | 0 | 153 |
| 1.46 | 0 | 0 | 159 |
| 1.58 | 0 | 0 | 165 |
| 1.72 | 0 | 0 | 171 |
| 1.88 | 0 | 0 | 177 |
| 2.06 | 0 | 0 | 183 |
| 2.28 | 0 | 0 | 189 |

### Gamma White (RGB)

| Gamma | R | G | B |
| :---: | :---: | :---: | :---: |
| 0.89 | 117 | 117 | 117 |
| 0.95 | 123 | 123 | 123 |
| 1.01 | 129 | 129 | 129 |
| 1.08 | 135 | 135 | 135 |
| 1.16 | 141 | 141 | 141 |
| 1.25 | 147 | 147 | 147 |
| 1.35 | 153 | 153 | 153 |
| 1.46 | 159 | 159 | 159 |
| 1.58 | 165 | 165 | 165 |
| 1.72 | 171 | 171 | 171 |
| 1.88 | 177 | 177 | 177 |
| 2.06 | 183 | 183 | 183 |
| 2.28 | 189 | 189 | 189 |

---

## 3. Тесты контрастности

Тесты контрастности показывают способность монитора отображать различные уровни яркости (насыщенности) для каждого цветового канала.

|| Канал | Отображаемые уровни яркости (%) |
| :---: | :---: | :--- |
| | Общий / Серый | 2, 4, 6, 8, 10, 12, 14, 16, 18, 20, 40, 42, 44, 46, 48, 50, 52, 54, 56, 58, 60, 62, 64, 66, 68, 70, 72, 74, 76, 78, 80, 82, 84, 86, 88, 90, 92, 94, 96, 98, 100 |
| | Зеленый (Green) | 2, 4, 6, 8, 10, 12, 14, 16, 18, 20, 40, 42, 44, 46, 48, 50, 52, 54, 56, 58, 60 |
| | Синий (Blue) | 2, 4, 6, 8, 10, 12, 14, 16, 18, 20, 40, 42, 44, 46, 48, 50, 52, 54, 56, 58, 60, 80, 82, 84, 86, 88, 90, 92, 94, 96, 98, 100 |
| | Красный (Red) | 2, 4, 6, 8, 10, 12, 14, 16, 18, 20, 40, 42, 44, 46, 48, 50, 52, 54, 56, 58, 60, 62, 64, 66, 68, 70, 72, 74, 76, 78, 80, 82, 84, 86, 88, 90, 92, 94, 96, 98, 100 |

---

## 4. Тест на инерцию пикселей (Pixel Persistence)

Определение: Pixel Persistence (время удержания / инерционность пикселя) — характеристика, описывающая, как быстро пиксель может изменить своё состояние и насколько долго сохраняется последействие (шлейф) от движущегося объекта.

Результаты теста:

|| Параметр | Значения |
| :---: | :---: | :--- |
|| Скорость движения | 100 pixels/sec, 200 pixels/sec, 400 pixels/sec, 600 pixels/sec, 800 pixels/sec |

Интерпретация:
Значение 400 пикселей/сек означает, что за одну секунду сигнал управления успевает последовательно обновить 400 пикселей по строке (или столбцу). Чем выше скорость, тем сложнее для матрицы четко отображать движущиеся объекты без шлейфов.
На скоростях 600–800 pixels/sec обычно заметна инерционность матрицы.

---

## 5. Дополнительные тесты
f
| | Тест | Описание |
| :---: | :---: | :--- |
|| Printer Test | Тест принтера (проверка печати). Используется для оценки качества вывода градиентов и цветопередачи при печати. |

---